0.0000 5.9415
0.9000 5.9780
1.8000 6.0859
2.7000 6.2602
3.6000 6.4911
4.5000 6.7631
5.4000 7.0524
6.3000 7.3250
7.2000 7.5349
8.1000 7.6238
9.0000 7.5229
9.9000 7.1599
10.8000 6.4712
11.7000 5.4244
12.6000 4.0489
13.5000 2.4772
14.4000 0.9919
15.3000 0.0690
16.2000 0.4052
17.1000 2.9061
18.0000 8.6141
18.9000 18.5533
19.8000 33.4862
20.7000 53.6006
21.6000 78.1813
22.5000 105.3648
23.4000 132.1010
24.3000 154.4388
25.2000 168.1942
26.1000 169.9401
27.0000 158.0962
27.9000 133.7630
28.8000 100.9017
29.7000 65.5941
30.6000 34.4324
31.5000 12.5001
32.4000 1.7202
33.3000 0.3531
34.2000 4.0063
35.1000 7.7867
36.0000 8.5558
36.9000 6.0822
37.8000 2.4577
38.7000 0.2054
39.6000 0.3886
40.5000 2.0375
41.4000 3.2198
42.3000 2.7806
43.2000 1.2385
44.1000 0.0926
45.0000 0.2715
45.9000 1.2692
46.8000 1.8074
47.7000 1.2680
48.6000 0.3130
49.5000 0.0245
50.4000 0.6021
51.3000 1.1825
52.2000 0.9796
53.1000 0.2809
54.0000 0.0121
54.9000 0.4629
55.8000 0.9157
56.7000 0.6937
57.6000 0.1329
58.5000 0.0609
59.4000 0.5421
60.3000 0.7891
61.2000 0.4018
62.1000 0.0076
63.0000 0.2489
63.9000 0.7153
64.8000 0.6072
65.7000 0.1023
66.6000 0.1000
67.5000 0.6585
68.4000 0.8086
69.3000 0.2520
70.2000 0.0449
71.1000 0.7904
72.0000 1.3164
72.9000 0.5731
73.8000 0.0572
74.7000 2.3364
75.6000 7.0607
76.5000 10.4065
77.4000 9.3690
78.3000 5.1925
79.2000 1.4819
80.1000 0.0739
81.0000 0.0789
81.9000 0.1477
82.8000 0.0347
83.7000 0.0053
84.6000 0.0394
85.5000 0.0183
86.4000 0.0012
87.3000 0.0289
88.2000 0.0286
89.1000 0.0013
90.0000 0.0171
