0.0000 0.4756
0.9000 0.4618
1.8000 0.4215
2.7000 0.3571
3.6000 0.2740
4.5000 0.1805
5.4000 0.0899
6.3000 0.0213
7.2000 0.0015
8.1000 0.0651
9.0000 0.2548
9.9000 0.6179
10.8000 1.2012
11.7000 2.0404
12.6000 3.1450
13.5000 4.4795
14.4000 5.9429
15.3000 7.3536
16.2000 8.4485
17.1000 8.9118
18.0000 8.4448
18.9000 6.8904
19.8000 4.4067
20.7000 1.6676
21.6000 0.0307
22.5000 1.5869
23.4000 8.9825
24.3000 24.9271
25.2000 51.3714
26.1000 88.4735
27.0000 133.6440
27.9000 181.1024
28.8000 222.3908
29.7000 248.0938
30.6000 250.5654
31.5000 226.8910
32.4000 180.8635
33.3000 122.7680
34.2000 66.4619
35.1000 24.4965
36.0000 3.2895
36.9000 0.8098
37.8000 8.2928
38.7000 15.3488
39.6000 15.6370
40.5000 9.6226
41.4000 2.6723
42.3000 0.0038
43.2000 2.4273
44.1000 6.2362
45.0000 7.0983
45.9000 4.2181
46.8000 0.7664
47.7000 0.2500
48.6000 2.6986
49.5000 4.8258
50.4000 3.9726
51.3000 1.2400
52.2000 0.0165
53.1000 1.6456
54.0000 3.7140
54.9000 3.3012
55.8000 0.9815
56.7000 0.0531
57.6000 1.8371
58.5000 3.6659
59.4000 2.7449
60.3000 0.4487
61.2000 0.4033
62.1000 2.8244
63.0000 3.9031
63.9000 1.8070
64.8000 0.0016
65.7000 1.8503
66.6000 4.6552
67.5000 3.6391
68.4000 0.4103
69.3000 1.1982
70.2000 5.9523
71.1000 6.8872
72.0000 1.8716
72.9000 0.8110
73.8000 9.7915
74.7000 16.4341
75.6000 7.5234
76.5000 0.8772
77.4000 37.9808
78.3000 130.1706
79.2000 225.2485
80.1000 249.6440
81.0000 184.5325
81.9000 84.2720
82.8000 16.5988
83.7000 0.0327
84.6000 6.5115
85.5000 8.1000
86.4000 2.7387
87.3000 0.0013
88.2000 1.5376
89.1000 2.3359
90.0000 0.9217
