1.0000 -76.5390
2.0000 -78.8106
3.0000 -90.4571
4.0000 -75.9340
5.0000 -89.1111
6.0000 -83.5793
7.0000 -80.9870
8.0000 -83.9141
9.0000 -92.9612
10.0000 -82.5195
11.0000 -82.9989
12.0000 -86.8290
13.0000 -83.8609
14.0000 -82.1056
15.0000 -93.2751
16.0000 -82.5357
17.0000 -57.2277
18.0000 -57.2277
19.0000 -57.2277
20.0000 -57.2277
21.0000 -57.2277
22.0000 -57.2277
23.0000 -57.2277
24.0000 -57.2277
25.0000 -57.2277
26.0000 -57.2277
27.0000 -57.2277
28.0000 -57.2277
29.0000 -57.2277
30.0000 -57.2277
31.0000 -57.2277
32.0000 -57.2277
