1.0000 -111.6496
2.0000 -111.6496
3.0000 -111.6496
4.0000 -111.6496
5.0000 -111.6496
6.0000 -111.6496
7.0000 -111.6496
8.0000 -111.6496
9.0000 -111.6496
10.0000 -111.6496
11.0000 -111.6496
12.0000 -111.6496
13.0000 -111.6496
14.0000 -111.6496
15.0000 -111.6496
16.0000 -111.6496
17.0000 -111.6496
18.0000 -111.6496
19.0000 -111.6496
20.0000 -111.6496
21.0000 -111.6496
22.0000 -111.6496
23.0000 -111.6496
24.0000 -111.6496
25.0000 -111.6496
26.0000 -111.6496
27.0000 -111.6496
28.0000 -111.6496
29.0000 -111.6496
30.0000 -111.6496
31.0000 -111.6496
32.0000 -111.6496
