0.0000 1.3573
0.9000 1.3227
1.8000 1.2208
2.7000 1.0571
3.6000 0.8423
4.5000 0.5945
5.4000 0.3420
6.3000 0.1266
7.2000 0.0066
8.1000 0.0583
9.0000 0.3754
9.9000 1.0625
10.8000 2.2228
11.7000 3.9347
12.6000 6.2200
13.5000 9.0027
14.4000 12.0666
15.3000 15.0248
16.2000 17.3226
17.1000 18.3009
18.0000 17.3475
18.9000 14.1543
19.8000 9.0670
20.7000 3.4693
21.6000 0.0809
22.5000 2.9917
23.4000 17.2342
24.3000 47.7517
25.2000 97.7813
26.1000 166.9389
27.0000 249.6013
27.9000 334.3957
28.8000 405.5487
29.7000 446.3808
30.6000 444.3668
31.5000 396.1842
32.4000 310.5473
33.3000 206.9162
34.2000 109.6330
35.1000 39.2765
36.0000 4.9466
36.9000 1.4599
37.8000 13.3418
38.7000 23.7701
39.6000 23.4144
40.5000 13.8381
41.4000 3.5617
42.3000 0.0282
43.2000 3.7318
44.1000 8.9236
45.0000 9.6833
45.9000 5.4598
46.8000 0.8826
47.7000 0.3984
48.6000 3.5548
49.5000 5.9588
50.4000 4.6026
51.3000 1.2747
52.2000 0.0541
53.1000 2.0876
54.0000 4.2756
54.9000 3.5323
55.8000 0.9322
56.7000 0.0935
57.6000 2.0098
58.5000 3.6634
59.4000 2.5148
60.3000 0.3263
61.2000 0.4781
62.1000 2.6884
63.0000 3.3718
63.9000 1.3718
64.8000 0.0048
65.7000 1.7219
66.6000 3.8229
67.5000 2.7235
68.4000 0.2435
69.3000 0.9765
70.2000 4.2371
71.1000 4.4946
72.0000 1.0526
72.9000 0.6327
73.8000 6.1373
74.7000 9.4401
75.6000 3.9039
76.5000 0.6004
77.4000 19.9454
78.3000 63.4609
79.2000 103.3452
80.1000 108.3139
81.0000 76.0451
81.9000 33.2784
82.8000 6.4979
83.7000 0.0003
84.6000 1.9270
85.5000 2.4520
86.4000 0.8981
87.3000 0.0095
88.2000 0.2711
89.1000 0.4882
90.0000 0.2447
