0.0000 23.9651
0.9000 24.1121
1.8000 24.5470
2.7000 25.2490
3.6000 26.1794
4.5000 27.2750
5.4000 28.4399
6.3000 29.5370
7.2000 30.3812
8.1000 30.7368
9.0000 30.3272
9.9000 28.8603
10.8000 26.0811
11.7000 21.8586
12.6000 16.3122
13.5000 9.9770
14.4000 3.9919
15.3000 0.2763
16.2000 1.6374
17.1000 11.7239
18.0000 34.7332
18.9000 74.7882
19.8000 134.9565
20.7000 215.9877
21.6000 314.9944
22.5000 424.4658
23.4000 532.1137
24.3000 622.0262
25.2000 677.3611
26.1000 684.3285
27.0000 636.5797
27.9000 538.5601
28.8000 406.2277
29.7000 264.0696
30.6000 138.6195
31.5000 50.3302
32.4000 6.9316
33.3000 1.4164
34.2000 16.1066
35.1000 31.3140
36.0000 34.4118
36.9000 24.4674
37.8000 9.8915
38.7000 0.8290
39.6000 1.5574
40.5000 8.1813
41.4000 12.9350
42.3000 11.1751
43.2000 4.9811
44.1000 0.3741
45.0000 1.0862
45.9000 5.0894
46.8000 7.2531
47.7000 5.0922
48.6000 1.2598
49.5000 0.0970
50.4000 2.4088
51.3000 4.7376
52.2000 3.9288
53.1000 1.1295
54.0000 0.0476
54.9000 1.8481
55.8000 3.6628
56.7000 2.7787
57.6000 0.5349
58.5000 0.2408
59.4000 2.1607
60.3000 3.1512
61.2000 1.6085
62.1000 0.0314
63.0000 0.9870
63.9000 2.8462
64.8000 2.4210
65.7000 0.4107
66.6000 0.3932
67.5000 2.6084
68.4000 3.2097
69.3000 1.0050
70.2000 0.1739
71.1000 3.1120
72.0000 5.1932
72.9000 2.2675
73.8000 0.2193
74.7000 9.1279
75.6000 27.5800
76.5000 40.5690
77.4000 36.4048
78.3000 20.0718
79.2000 5.6734
80.1000 0.2717
81.0000 0.3111
81.9000 0.5614
82.8000 0.1235
83.7000 0.0247
84.6000 0.1564
85.5000 0.0669
86.4000 0.0071
87.3000 0.1213
88.2000 0.1137
89.1000 0.0041
90.0000 0.0741
