1.0000 -92.3944
2.0000 -89.4150
3.0000 -87.0224
4.0000 -99.3679
5.0000 -90.6968
6.0000 -92.7041
7.0000 -97.5406
8.0000 -95.4712
9.0000 -95.3975
10.0000 -97.5803
11.0000 -99.7795
12.0000 -97.3286
13.0000 -97.7544
14.0000 -100.3999
15.0000 -91.7985
16.0000 -92.3865
17.0000 -51.5243
18.0000 -51.5243
19.0000 -51.5243
20.0000 -51.5243
21.0000 -51.5243
22.0000 -51.5243
23.0000 -51.5243
24.0000 -51.5243
25.0000 -51.5243
26.0000 -51.5243
27.0000 -51.5243
28.0000 -51.5243
29.0000 -51.5243
30.0000 -51.5243
31.0000 -51.5243
32.0000 -51.5243
