1.0000 -108.5354
2.0000 -108.5354
3.0000 -108.5354
4.0000 -108.5354
5.0000 -108.5354
6.0000 -108.5354
7.0000 -108.5354
8.0000 -108.5354
9.0000 -108.5354
10.0000 -108.5354
11.0000 -108.5354
12.0000 -108.5354
13.0000 -108.5354
14.0000 -108.5354
15.0000 -108.5354
16.0000 -108.5354
17.0000 -108.5354
18.0000 -108.5354
19.0000 -108.5354
20.0000 -108.5354
21.0000 -108.5354
22.0000 -108.5354
23.0000 -108.5354
24.0000 -108.5354
25.0000 -108.5354
26.0000 -108.5354
27.0000 -108.5354
28.0000 -108.5354
29.0000 -108.5354
30.0000 -108.5354
31.0000 -108.5354
32.0000 -108.5354
